21:38:06,903 [INFO ] Config for tournament: numFight=10, withReturn=true randomSeeds=false withDetails=true totalStep=3060
21:48:04,120 [INFO ] Stats for pc: RandomPlayer
21:48:04,121 [INFO ] - vs MaxNextPlayer = 0 / 20 [-142, -79, -138, -101, -122, -100, -116, -87, -97, -85, -41, -56, -148, -84, -140, -118, -145, -72, -80, -124]
21:48:04,121 [INFO ] - vs MinMaxPlayer = 0 / 20 [-135, -116, -132, -100, -118, -110, -98, -126, -102, -95, -63, -140, -108, -110, -66, -132, -114, -140, -78, -142]
21:48:04,121 [INFO ] - vs NStepPlayer@3 = 0 / 20 [-148, -88, -87, -72, -138, -176, -78, -59, -120, -44, -61, -99, -158, -120, -120, -66, -84, -140, -98, -110]
21:48:04,123 [INFO ] - vs NStepPlayer@4 = 0 / 20 [-131, -86, -113, -80, -97, -90, -109, -87, -115, -102, -86, -108, -166, -104, -96, -102, -119, -160, -60, -122]
21:48:04,123 [INFO ] - vs NStepPlayer@5 = 0 / 20 [-136, -86, -116, -108, -172, -144, -117, -105, -87, -123, -61, -81, -120, -128, -86, -49, -116, -130, -86, -116]
21:48:04,123 [INFO ] - vs BestStepPlayer@3-5 = 0 / 20 [-124, -104, -109, -121, -138, -118, -140, -59, -100, -123, -61, -74, -134, -104, -144, -98, -128, -83, -63, -114]
21:48:04,123 [INFO ] - vs BestStepPlayer@3-4 = 0 / 20 [-124, -104, -109, -121, -138, -118, -140, -59, -100, -123, -61, -74, -134, -104, -144, -98, -128, -83, -63, -114]
21:48:04,123 [INFO ] - vs BestStepPlayer@4-5 = 0 / 20 [-106, -118, -135, -103, -155, -129, -157, -104, -152, -93, -61, -134, -154, -88, -82, -60, -84, -100, -80, -96]
21:48:04,123 [INFO ] - vs BestStepPlayer@4-4 = 0 / 20 [-106, -118, -135, -103, -155, -129, -157, -104, -152, -93, -61, -134, -154, -88, -82, -60, -84, -100, -80, -96]
21:48:04,123 [INFO ] - vs BestStepPlayer@4-3 = 0 / 20 [-106, -118, -135, -103, -155, -129, -157, -104, -152, -93, -61, -134, -154, -88, -82, -60, -84, -100, -80, -96]
21:48:04,124 [INFO ] - vs BestStepPlayer@5-4 = 0 / 20 [-136, -100, -110, -58, -126, -130, -140, -97, -132, -120, -61, -107, -90, -132, -95, -108, -136, -114, -112, -102]
21:48:04,124 [INFO ] - vs BestStepPlayer@5-3 = 0 / 20 [-136, -100, -110, -58, -126, -130, -140, -97, -132, -120, -61, -107, -90, -132, -95, -108, -136, -114, -112, -102]
21:48:04,124 [INFO ] - vs BestStepPlayer@6-4 = 0 / 20 [-134, -104, -134, -107, -129, -106, -137, -103, -144, -128, -61, -85, -116, -104, -109, -118, -112, -116, -78, -142]
21:48:04,124 [INFO ] - vs BestStepPlayer@6-3 = 0 / 20 [-134, -104, -134, -107, -129, -106, -137, -103, -144, -128, -61, -85, -116, -104, -109, -118, -112, -116, -78, -142]
21:48:04,124 [INFO ] - vs BestStepPlayer@7-3 = 0 / 20 [-132, -85, -135, -89, -146, -68, -135, -102, -114, -130, -61, -98, -125, -150, -118, -100, -122, -83, -79, -77]
21:48:04,124 [INFO ] - vs BestStepPlayer@8-3 = 0 / 20 [-132, -80, -135, -61, -102, -72, -135, -97, -114, -120, -71, -119, -156, -150, -128, -96, -140, -85, -98, -112]
21:48:04,124 [INFO ] - vs BestStepPlayer@9-2 = 0 / 20 [-100, -108, -116, -80, -128, -102, -99, -112, -110, -84, -61, -97, -124, -134, -112, -60, -114, -82, -84, -103]
21:48:04,124 [INFO ] Stats for pc: MaxNextPlayer
21:48:04,124 [INFO ] - vs RandomPlayer = 20 / 20 [142, 79, 138, 101, 122, 100, 116, 87, 97, 85, 41, 56, 148, 84, 140, 118, 145, 72, 80, 124]
21:48:04,124 [INFO ] - vs MinMaxPlayer = 0 / 20 [-22, -10, -31, -18, -26, -30, -22, -32, -12, -15, -36, -8, -24, -42, -16, -10, -30, -30, -15, -11]
21:48:04,124 [INFO ] - vs NStepPlayer@3 = 3 / 20 [26, 5, -43, -34, -38, -32, -12, -40, -21, -22, -30, -38, -32, -6, -26, 6, -8, -14, -11, -12]
21:48:04,124 [INFO ] - vs NStepPlayer@4 = 4 / 20 [6, -24, -51, -19, -22, -4, -17, -12, 10, 3, -20, -10, -18, -14, -6, -15, -7, -25, 31, -2]
21:48:04,125 [INFO ] - vs NStepPlayer@5 = 1 / 20 [-26, -18, -37, -23, -31, -30, -26, -32, -2, -20, -8, -18, -20, -6, -26, -4, 10, -14, -11, -11]
21:48:04,125 [INFO ] - vs BestStepPlayer@3-5 = 2 / 20 [0, 22, -43, -28, -41, -33, -39, -40, -24, 6, -30, -33, -24, -12, -12, -6, -23, -12, -10, -14]
21:48:04,125 [INFO ] - vs BestStepPlayer@3-4 = 2 / 20 [0, 22, -43, -28, -41, -33, -39, -40, -24, 6, -30, -33, -24, -12, -12, -6, -23, -12, -10, -14]
21:48:04,125 [INFO ] - vs BestStepPlayer@4-5 = 2 / 20 [-12, -8, -43, -21, -18, -32, -6, -36, -8, -34, -23, -16, 2, -28, -5, -15, -21, -28, 2, -8]
21:48:04,125 [INFO ] - vs BestStepPlayer@4-4 = 2 / 20 [-12, -8, -43, -21, -18, -32, -6, -36, -8, -34, -23, -16, 2, -28, -5, -15, -21, -28, 2, -8]
21:48:04,125 [INFO ] - vs BestStepPlayer@4-3 = 2 / 20 [-12, -8, -43, -21, -18, -32, -6, -36, -8, -34, -23, -16, 2, -28, -5, -15, -21, -28, 2, -8]
21:48:04,125 [INFO ] - vs BestStepPlayer@5-4 = 0 / 20 [-18, -30, -43, -20, -16, -29, -20, -28, -16, -20, -6, -30, -13, -24, -26, -23, -27, -16, -17, -12]
21:48:04,125 [INFO ] - vs BestStepPlayer@5-3 = 0 / 20 [-18, -30, -43, -20, -16, -29, -20, -28, -16, -20, -6, -30, -13, -24, -26, -23, -27, -16, -17, -12]
21:48:04,125 [INFO ] - vs BestStepPlayer@6-4 = 1 / 20 [22, -20, -41, -26, -8, -25, -8, -42, -5, -34, -20, -14, -23, -15, -16, -15, 0, -28, -12, -24]
21:48:04,125 [INFO ] - vs BestStepPlayer@6-3 = 1 / 20 [22, -20, -41, -26, -8, -25, -8, -42, -5, -34, -20, -14, -23, -15, -16, -15, 0, -28, -12, -24]
21:48:04,125 [INFO ] - vs BestStepPlayer@7-3 = 0 / 20 [-12, -18, -37, -32, -16, -29, -20, -24, -4, -22, -28, -32, -8, -8, -13, -16, -23, -23, -11, -24]
21:48:04,126 [INFO ] - vs BestStepPlayer@8-3 = 1 / 20 [-11, -30, -42, -22, -7, -38, -20, -12, -22, -40, -12, -12, -20, -18, -24, -14, -21, -20, 12, -20]
21:48:04,126 [INFO ] - vs BestStepPlayer@9-2 = 1 / 20 [4, -18, -41, -28, -20, -28, -14, -40, -16, -32, -23, -44, -8, -9, -24, -24, -37, -15, -14, -27]
21:48:04,126 [INFO ] Stats for pc: MinMaxPlayer
21:48:04,126 [INFO ] - vs RandomPlayer = 20 / 20 [135, 116, 132, 100, 118, 110, 98, 126, 102, 95, 63, 140, 108, 110, 66, 132, 114, 140, 78, 142]
21:48:04,126 [INFO ] - vs MaxNextPlayer = 20 / 20 [22, 10, 31, 18, 26, 30, 22, 32, 12, 15, 36, 8, 24, 42, 16, 10, 30, 30, 15, 11]
21:48:04,126 [INFO ] - vs NStepPlayer@3 = 7 / 20 [2, 19, -6, 14, -20, -23, -14, -11, 16, -3, 28, 6, -6, -1, -10, -16, -3, -23, 18, -8]
21:48:04,126 [INFO ] - vs NStepPlayer@4 = 10 / 20 [10, -8, -6, 10, 30, 40, 2, -39, -22, 7, 12, -8, 20, -9, -24, 17, -15, -1, 16, -20]
21:48:04,126 [INFO ] - vs NStepPlayer@5 = 6 / 20 [-14, -8, -5, -30, -24, -18, 44, -37, -8, -4, 8, -17, -8, 22, 8, -10, 0, 6, 38, -24]
21:48:04,126 [INFO ] - vs BestStepPlayer@3-5 = 7 / 20 [-8, -9, -41, -10, -10, -3, 34, -4, -8, 12, 6, -18, 0, -10, 24, 6, 4, -8, 10, -28]
21:48:04,126 [INFO ] - vs BestStepPlayer@3-4 = 7 / 20 [-8, -9, -41, -10, -10, -3, 34, -4, -8, 12, 6, -18, 0, -10, 24, 6, 4, -8, 10, -28]
21:48:04,126 [INFO ] - vs BestStepPlayer@4-5 = 7 / 20 [14, 21, -39, -23, -10, -4, 1, 4, -23, -12, 34, -16, -8, -15, -4, 2, 30, -1, -14, -9]
21:48:04,126 [INFO ] - vs BestStepPlayer@4-4 = 7 / 20 [14, 21, -39, -23, -10, -4, 1, 4, -23, -12, 34, -16, -8, -15, -4, 2, 30, -1, -14, -9]
21:48:04,127 [INFO ] - vs BestStepPlayer@4-3 = 7 / 20 [14, 21, -39, -23, -10, -4, 1, 4, -23, -12, 34, -16, -8, -15, -4, 2, 30, -1, -14, -9]
21:48:04,127 [INFO ] - vs BestStepPlayer@5-4 = 7 / 20 [-26, 25, -14, -1, -37, -16, 8, -36, -6, -4, -2, 16, -26, -1, 9, 9, 8, -16, 8, -27]
21:48:04,127 [INFO ] - vs BestStepPlayer@5-3 = 7 / 20 [-26, 25, -14, -1, -37, -16, 8, -36, -6, -4, -2, 16, -26, -1, 9, 9, 8, -16, 8, -27]
21:48:04,127 [INFO ] - vs BestStepPlayer@6-4 = 9 / 20 [8, 25, -7, -10, -28, 0, 36, -8, -8, 4, 14, -16, 32, -7, 8, 20, 0, -26, 22, -28]
21:48:04,127 [INFO ] - vs BestStepPlayer@6-3 = 9 / 20 [8, 25, -7, -10, -28, 0, 36, -8, -8, 4, 14, -16, 32, -7, 8, 20, 0, -26, 22, -28]
21:48:04,127 [INFO ] - vs BestStepPlayer@7-3 = 3 / 20 [4, -20, -12, -22, -2, -5, -13, -38, 0, -2, -18, -16, 16, -16, -17, 0, 12, -15, -10, -18]
21:48:04,127 [INFO ] - vs BestStepPlayer@8-3 = 4 / 20 [16, -2, -39, -14, -20, -6, -13, -4, -14, -5, 8, -27, 10, -14, -24, -1, -2, -11, 10, -6]
21:48:04,127 [INFO ] - vs BestStepPlayer@9-2 = 7 / 20 [2, -15, -17, -15, -37, -40, 28, -10, 26, 2, -3, -33, 10, -19, 2, 8, -9, -26, -12, -10]
21:48:04,127 [INFO ] Stats for pc: NStepPlayer@3
21:48:04,127 [INFO ] - vs RandomPlayer = 20 / 20 [148, 88, 87, 72, 138, 176, 78, 59, 120, 44, 61, 99, 158, 120, 120, 66, 84, 140, 98, 110]
21:48:04,127 [INFO ] - vs MaxNextPlayer = 17 / 20 [-26, -5, 43, 34, 38, 32, 12, 40, 21, 22, 30, 38, 32, 6, 26, -6, 8, 14, 11, 12]
21:48:04,128 [INFO ] - vs MinMaxPlayer = 13 / 20 [-2, -19, 6, -14, 20, 23, 14, 11, -16, 3, -28, -6, 6, 1, 10, 16, 3, 23, -18, 8]
21:48:04,128 [INFO ] - vs NStepPlayer@4 = 8 / 20 [10, -25, 34, 18, 6, 10, -10, -28, -13, 0, 21, -24, -22, -7, -8, 19, 0, 14, -6, -5]
21:48:04,128 [INFO ] - vs NStepPlayer@5 = 9 / 20 [-10, 4, -10, 4, -18, -4, 10, -11, -2, 4, 14, -24, -4, 12, 10, 4, 4, -22, -5, -18]
21:48:04,128 [INFO ] - vs BestStepPlayer@3-5 = 7 / 20 [-10, -2, 8, 8, -8, -2, 29, -4, -24, -4, 16, -6, -9, -2, 16, -4, 28, -10, 8, -4]
21:48:04,128 [INFO ] - vs BestStepPlayer@3-4 = 7 / 20 [-10, -2, 8, 8, -8, -2, 29, -4, -24, -4, 16, -6, -9, -2, 16, -4, 28, -10, 8, -4]
21:48:04,128 [INFO ] - vs BestStepPlayer@4-5 = 5 / 20 [-22, 23, 0, -2, 16, -18, 0, -14, -14, -1, 24, -28, -6, 2, -8, -13, 2, -2, -14, -6]
21:48:04,128 [INFO ] - vs BestStepPlayer@4-4 = 5 / 20 [-22, 23, 0, -2, 16, -18, 0, -14, -14, -1, 24, -28, -6, 2, -8, -13, 2, -2, -14, -6]
21:48:04,128 [INFO ] - vs BestStepPlayer@4-3 = 5 / 20 [-22, 23, 0, -2, 16, -18, 0, -14, -14, -1, 24, -28, -6, 2, -8, -13, 2, -2, -14, -6]
21:48:04,128 [INFO ] - vs BestStepPlayer@5-4 = 8 / 20 [-8, 6, 4, -22, -1, -18, 9, -17, -16, -3, 23, -12, -12, 0, 8, 6, 4, 2, -24, -8]
21:48:04,128 [INFO ] - vs BestStepPlayer@5-3 = 8 / 20 [-8, 6, 4, -22, -1, -18, 9, -17, -16, -3, 23, -12, -12, 0, 8, 6, 4, 2, -24, -8]
21:48:04,128 [INFO ] - vs BestStepPlayer@6-4 = 7 / 20 [-20, 16, 0, -4, -30, -10, 26, -14, -6, -14, 2, -28, -26, 2, -15, 11, 2, -12, 4, -12]
21:48:04,129 [INFO ] - vs BestStepPlayer@6-3 = 7 / 20 [-20, 16, 0, -4, -30, -10, 26, -14, -6, -14, 2, -28, -26, 2, -15, 11, 2, -12, 4, -12]
21:48:04,129 [INFO ] - vs BestStepPlayer@7-3 = 4 / 20 [4, -34, 7, -26, -30, -16, -6, -2, -14, -28, -14, -8, -42, -12, -2, -6, 2, -6, -5, 4]
21:48:04,129 [INFO ] - vs BestStepPlayer@8-3 = 5 / 20 [-18, -30, 7, 2, -30, -30, 6, -14, 4, -1, -10, -10, -38, 0, -10, -13, -14, -15, 17, -2]
21:48:04,129 [INFO ] - vs BestStepPlayer@9-2 = 2 / 20 [10, -26, -10, -8, -8, -20, -9, -10, -36, -1, -4, -20, -4, -2, -34, -6, -16, 0, 14, -6]
21:48:04,129 [INFO ] Stats for pc: NStepPlayer@4
21:48:04,129 [INFO ] - vs RandomPlayer = 20 / 20 [131, 86, 113, 80, 97, 90, 109, 87, 115, 102, 86, 108, 166, 104, 96, 102, 119, 160, 60, 122]
21:48:04,129 [INFO ] - vs MaxNextPlayer = 16 / 20 [-6, 24, 51, 19, 22, 4, 17, 12, -10, -3, 20, 10, 18, 14, 6, 15, 7, 25, -31, 2]
21:48:04,129 [INFO ] - vs MinMaxPlayer = 10 / 20 [-10, 8, 6, -10, -30, -40, -2, 39, 22, -7, -12, 8, -20, 9, 24, -17, 15, 1, -16, 20]
21:48:04,129 [INFO ] - vs NStepPlayer@3 = 10 / 20 [-10, 25, -34, -18, -6, -10, 10, 28, 13, 0, -21, 24, 22, 7, 8, -19, 0, -14, 6, 5]
21:48:04,129 [INFO ] - vs NStepPlayer@5 = 7 / 20 [0, 2, -14, 5, -8, -1, 26, -45, -12, -4, -3, -19, -8, -48, 0, 4, 10, 4, 14, -9]
21:48:04,129 [INFO ] - vs BestStepPlayer@3-5 = 8 / 20 [6, 16, 17, -8, -2, 16, 53, -3, 0, 12, 14, -12, 4, -18, -12, -24, -4, -6, -8, -18]
21:48:04,130 [INFO ] - vs BestStepPlayer@3-4 = 8 / 20 [6, 16, 17, -8, -2, 16, 53, -3, 0, 12, 14, -12, 4, -18, -12, -24, -4, -6, -8, -18]
21:48:04,130 [INFO ] - vs BestStepPlayer@4-5 = 9 / 20 [7, -6, -12, -10, 0, -22, 6, -26, 26, 6, 15, -26, 3, -8, 1, 17, -12, -8, -14, 3]
21:48:04,130 [INFO ] - vs BestStepPlayer@4-4 = 9 / 20 [7, -6, -12, -10, 0, -22, 6, -26, 26, 6, 15, -26, 3, -8, 1, 17, -12, -8, -14, 3]
21:48:04,130 [INFO ] - vs BestStepPlayer@4-3 = 9 / 20 [7, -6, -12, -10, 0, -22, 6, -26, 26, 6, 15, -26, 3, -8, 1, 17, -12, -8, -14, 3]
21:48:04,130 [INFO ] - vs BestStepPlayer@5-4 = 8 / 20 [8, -8, 12, 17, -10, -20, 2, -17, -8, -18, 20, -9, 21, -6, 4, -16, -8, -13, 24, -18]
21:48:04,130 [INFO ] - vs BestStepPlayer@5-3 = 8 / 20 [8, -8, 12, 17, -10, -20, 2, -17, -8, -18, 20, -9, 21, -6, 4, -16, -8, -13, 24, -18]
21:48:04,130 [INFO ] - vs BestStepPlayer@6-4 = 4 / 20 [-4, -10, -4, -4, 11, -22, -6, -17, 21, -7, 14, -6, -18, -33, -8, 2, -14, -30, 0, -12]
21:48:04,130 [INFO ] - vs BestStepPlayer@6-3 = 4 / 20 [-4, -10, -4, -4, 11, -22, -6, -17, 21, -7, 14, -6, -18, -33, -8, 2, -14, -30, 0, -12]
21:48:04,130 [INFO ] - vs BestStepPlayer@7-3 = 4 / 20 [6, -3, -21, -10, 8, -20, 0, -18, -6, -16, 14, -2, 9, -9, -24, -60, -8, -30, -15, -24]
21:48:04,130 [INFO ] - vs BestStepPlayer@8-3 = 5 / 20 [-7, -12, -22, -38, 4, -26, 4, -36, 2, -18, 20, -8, -4, -9, -12, -14, -7, -4, 14, -6]
21:48:04,130 [INFO ] - vs BestStepPlayer@9-2 = 4 / 20 [0, -10, 0, 3, 6, -6, 10, -32, 8, -10, -8, 0, -18, -16, -9, -38, -16, -12, 0, -34]
21:48:04,130 [INFO ] Stats for pc: NStepPlayer@5
21:48:04,131 [INFO ] - vs RandomPlayer = 20 / 20 [136, 86, 116, 108, 172, 144, 117, 105, 87, 123, 61, 81, 120, 128, 86, 49, 116, 130, 86, 116]
21:48:04,131 [INFO ] - vs MaxNextPlayer = 19 / 20 [26, 18, 37, 23, 31, 30, 26, 32, 2, 20, 8, 18, 20, 6, 26, 4, -10, 14, 11, 11]
21:48:04,131 [INFO ] - vs MinMaxPlayer = 13 / 20 [14, 8, 5, 30, 24, 18, -44, 37, 8, 4, -8, 17, 8, -22, -8, 10, 0, -6, -38, 24]
21:48:04,131 [INFO ] - vs NStepPlayer@3 = 11 / 20 [10, -4, 10, -4, 18, 4, -10, 11, 2, -4, -14, 24, 4, -12, -10, -4, -4, 22, 5, 18]
21:48:04,131 [INFO ] - vs NStepPlayer@4 = 11 / 20 [0, -2, 14, -5, 8, 1, -26, 45, 12, 4, 3, 19, 8, 48, 0, -4, -10, -4, -14, 9]
21:48:04,131 [INFO ] - vs BestStepPlayer@3-5 = 10 / 20 [-12, -26, 12, -4, 0, 6, 18, 4, -2, -3, 6, -10, -8, -8, 9, 5, 28, 16, 13, -14]
21:48:04,131 [INFO ] - vs BestStepPlayer@3-4 = 10 / 20 [-12, -26, 12, -4, 0, 6, 18, 4, -2, -3, 6, -10, -8, -8, 9, 5, 28, 16, 13, -14]
21:48:04,131 [INFO ] - vs BestStepPlayer@4-5 = 9 / 20 [0, -16, 20, 10, 2, -10, -6, -18, 23, 2, 20, -20, 16, -4, -20, -4, 16, -6, 7, -8]
21:48:04,131 [INFO ] - vs BestStepPlayer@4-4 = 9 / 20 [0, -16, 20, 10, 2, -10, -6, -18, 23, 2, 20, -20, 16, -4, -20, -4, 16, -6, 7, -8]
21:48:04,131 [INFO ] - vs BestStepPlayer@4-3 = 9 / 20 [0, -16, 20, 10, 2, -10, -6, -18, 23, 2, 20, -20, 16, -4, -20, -4, 16, -6, 7, -8]
21:48:04,132 [INFO ] - vs BestStepPlayer@5-4 = 11 / 20 [30, 0, 8, 18, 8, 9, 14, -17, 4, 0, 21, -2, -4, -2, 5, -2, 1, -14, 3, -14]
21:48:04,132 [INFO ] - vs BestStepPlayer@5-3 = 11 / 20 [30, 0, 8, 18, 8, 9, 14, -17, 4, 0, 21, -2, -4, -2, 5, -2, 1, -14, 3, -14]
21:48:04,132 [INFO ] - vs BestStepPlayer@6-4 = 9 / 20 [3, -6, 18, 10, 14, -6, -18, -18, -18, 0, 21, -22, 22, -14, -10, -10, 1, -6, 7, 8]
21:48:04,132 [INFO ] - vs BestStepPlayer@6-3 = 9 / 20 [3, -6, 18, 10, 14, -6, -18, -18, -18, 0, 21, -22, 22, -14, -10, -10, 1, -6, 7, 8]
21:48:04,132 [INFO ] - vs BestStepPlayer@7-3 = 7 / 20 [24, 0, 20, -18, 0, -34, 18, -6, 25, 4, 27, -26, 6, 0, -1, -6, -12, -4, -20, -14]
21:48:04,132 [INFO ] - vs BestStepPlayer@8-3 = 10 / 20 [14, 8, 12, 12, -12, -2, 4, -40, 25, 0, 25, -21, -4, 4, 2, -10, -6, 10, -6, -20]
21:48:04,132 [INFO ] - vs BestStepPlayer@9-2 = 9 / 20 [2, 2, 2, -8, 12, -26, 10, -24, -12, -22, 4, -28, 16, -10, 4, -22, 3, -18, -20, -17]
21:48:04,132 [INFO ] Stats for pc: BestStepPlayer@3-5
21:48:04,132 [INFO ] - vs RandomPlayer = 20 / 20 [124, 104, 109, 121, 138, 118, 140, 59, 100, 123, 61, 74, 134, 104, 144, 98, 128, 83, 63, 114]
21:48:04,132 [INFO ] - vs MaxNextPlayer = 17 / 20 [0, -22, 43, 28, 41, 33, 39, 40, 24, -6, 30, 33, 24, 12, 12, 6, 23, 12, 10, 14]
21:48:04,132 [INFO ] - vs MinMaxPlayer = 12 / 20 [8, 9, 41, 10, 10, 3, -34, 4, 8, -12, -6, 18, 0, 10, -24, -6, -4, 8, -10, 28]
21:48:04,133 [INFO ] - vs NStepPlayer@3 = 13 / 20 [10, 2, -8, -8, 8, 2, -29, 4, 24, 4, -16, 6, 9, 2, -16, 4, -28, 10, -8, 4]
21:48:04,133 [INFO ] - vs NStepPlayer@4 = 11 / 20 [-6, -16, -17, 8, 2, -16, -53, 3, 0, -12, -14, 12, -4, 18, 12, 24, 4, 6, 8, 18]
21:48:04,133 [INFO ] - vs NStepPlayer@5 = 9 / 20 [12, 26, -12, 4, 0, -6, -18, -4, 2, 3, -6, 10, 8, 8, -9, -5, -28, -16, -13, 14]
21:48:04,133 [INFO ] - vs BestStepPlayer@3-4 = 9 / 20 [-12, 12, 4, -4, 0, 0, 4, -4, 18, -18, 17, -17, -4, 4, 1, -1, 6, -6, 17, -17]
21:48:04,133 [INFO ] - vs BestStepPlayer@4-5 = 9 / 20 [2, -18, 0, 2, -12, -28, 36, -15, 6, -2, 2, -18, -1, 12, -25, 2, 18, 4, 0, -2]
21:48:04,133 [INFO ] - vs BestStepPlayer@4-4 = 9 / 20 [2, -18, 0, 2, -12, -28, 36, -15, 6, -2, 2, -18, -1, 12, -25, 2, 18, 4, 0, -2]
21:48:04,133 [INFO ] - vs BestStepPlayer@4-3 = 9 / 20 [2, -18, 0, 2, -12, -28, 36, -15, 6, -2, 2, -18, -1, 12, -25, 2, 18, 4, 0, -2]
21:48:04,133 [INFO ] - vs BestStepPlayer@5-4 = 9 / 20 [8, -20, 6, -2, -8, -20, 36, 0, 16, -16, 20, -28, 12, -34, 3, -30, 11, -4, 9, -6]
21:48:04,133 [INFO ] - vs BestStepPlayer@5-3 = 9 / 20 [8, -20, 6, -2, -8, -20, 36, 0, 16, -16, 20, -28, 12, -34, 3, -30, 11, -4, 9, -6]
21:48:04,133 [INFO ] - vs BestStepPlayer@6-4 = 6 / 20 [14, -2, -18, -19, 16, -16, 36, -15, -2, -1, 12, -18, -2, -8, -15, -16, 22, -7, 6, -10]
21:48:04,133 [INFO ] - vs BestStepPlayer@6-3 = 6 / 20 [14, -2, -18, -19, 16, -16, 36, -15, -2, -1, 12, -18, -2, -8, -15, -16, 22, -7, 6, -10]
21:48:04,133 [INFO ] - vs BestStepPlayer@7-3 = 9 / 20 [2, -5, -7, -1, 2, -40, -2, 4, 1, 12, -6, -8, 16, -15, -4, 1, 15, -22, 4, -12]
21:48:04,134 [INFO ] - vs BestStepPlayer@8-3 = 6 / 20 [8, 3, -16, -22, -20, -30, 6, -14, -8, -6, 10, -22, 14, -1, -9, -30, -2, -15, 20, -52]
21:48:04,134 [INFO ] - vs BestStepPlayer@9-2 = 2 / 20 [-10, -28, -1, -38, -14, -32, -6, -10, -2, -24, -8, -3, -16, -15, -10, 4, -28, -18, 5, -28]
21:48:04,134 [INFO ] Stats for pc: BestStepPlayer@3-4
21:48:04,134 [INFO ] - vs RandomPlayer = 20 / 20 [124, 104, 109, 121, 138, 118, 140, 59, 100, 123, 61, 74, 134, 104, 144, 98, 128, 83, 63, 114]
21:48:04,134 [INFO ] - vs MaxNextPlayer = 17 / 20 [0, -22, 43, 28, 41, 33, 39, 40, 24, -6, 30, 33, 24, 12, 12, 6, 23, 12, 10, 14]
21:48:04,134 [INFO ] - vs MinMaxPlayer = 12 / 20 [8, 9, 41, 10, 10, 3, -34, 4, 8, -12, -6, 18, 0, 10, -24, -6, -4, 8, -10, 28]
21:48:04,134 [INFO ] - vs NStepPlayer@3 = 13 / 20 [10, 2, -8, -8, 8, 2, -29, 4, 24, 4, -16, 6, 9, 2, -16, 4, -28, 10, -8, 4]
21:48:04,134 [INFO ] - vs NStepPlayer@4 = 11 / 20 [-6, -16, -17, 8, 2, -16, -53, 3, 0, -12, -14, 12, -4, 18, 12, 24, 4, 6, 8, 18]
21:48:04,134 [INFO ] - vs NStepPlayer@5 = 9 / 20 [12, 26, -12, 4, 0, -6, -18, -4, 2, 3, -6, 10, 8, 8, -9, -5, -28, -16, -13, 14]
21:48:04,134 [INFO ] - vs BestStepPlayer@3-5 = 9 / 20 [12, -12, -4, 4, 0, 0, -4, 4, -18, 18, -17, 17, 4, -4, -1, 1, -6, 6, -17, 17]
21:48:04,134 [INFO ] - vs BestStepPlayer@4-5 = 9 / 20 [2, -18, 0, 2, -12, -28, 36, -15, 6, -2, 2, -18, -1, 12, -25, 2, 18, 4, 0, -2]
21:48:04,134 [INFO ] - vs BestStepPlayer@4-4 = 9 / 20 [2, -18, 0, 2, -12, -28, 36, -15, 6, -2, 2, -18, -1, 12, -25, 2, 18, 4, 0, -2]
21:48:04,135 [INFO ] - vs BestStepPlayer@4-3 = 9 / 20 [2, -18, 0, 2, -12, -28, 36, -15, 6, -2, 2, -18, -1, 12, -25, 2, 18, 4, 0, -2]
21:48:04,135 [INFO ] - vs BestStepPlayer@5-4 = 9 / 20 [8, -20, 6, -2, -8, -20, 36, 0, 16, -16, 20, -28, 12, -34, 3, -30, 11, -4, 9, -6]
21:48:04,135 [INFO ] - vs BestStepPlayer@5-3 = 9 / 20 [8, -20, 6, -2, -8, -20, 36, 0, 16, -16, 20, -28, 12, -34, 3, -30, 11, -4, 9, -6]
21:48:04,135 [INFO ] - vs BestStepPlayer@6-4 = 6 / 20 [14, -2, -18, -19, 16, -16, 36, -15, -2, -1, 12, -18, -2, -8, -15, -16, 22, -7, 6, -10]
21:48:04,135 [INFO ] - vs BestStepPlayer@6-3 = 6 / 20 [14, -2, -18, -19, 16, -16, 36, -15, -2, -1, 12, -18, -2, -8, -15, -16, 22, -7, 6, -10]
21:48:04,135 [INFO ] - vs BestStepPlayer@7-3 = 9 / 20 [2, -5, -7, -1, 2, -40, -2, 4, 1, 12, -6, -8, 16, -15, -4, 1, 15, -22, 4, -12]
21:48:04,135 [INFO ] - vs BestStepPlayer@8-3 = 6 / 20 [8, 3, -16, -22, -20, -30, 6, -14, -8, -6, 10, -22, 14, -1, -9, -30, -2, -15, 20, -52]
21:48:04,135 [INFO ] - vs BestStepPlayer@9-2 = 2 / 20 [-10, -28, -1, -38, -14, -32, -6, -10, -2, -24, -8, -3, -16, -15, -10, 4, -28, -18, 5, -28]
21:48:04,135 [INFO ] Stats for pc: BestStepPlayer@4-5
21:48:04,135 [INFO ] - vs RandomPlayer = 20 / 20 [106, 118, 135, 103, 155, 129, 157, 104, 152, 93, 61, 134, 154, 88, 82, 60, 84, 100, 80, 96]
21:48:04,135 [INFO ] - vs MaxNextPlayer = 18 / 20 [12, 8, 43, 21, 18, 32, 6, 36, 8, 34, 23, 16, -2, 28, 5, 15, 21, 28, -2, 8]
21:48:04,135 [INFO ] - vs MinMaxPlayer = 13 / 20 [-14, -21, 39, 23, 10, 4, -1, -4, 23, 12, -34, 16, 8, 15, 4, -2, -30, 1, 14, 9]
21:48:04,136 [INFO ] - vs NStepPlayer@3 = 13 / 20 [22, -23, 0, 2, -16, 18, 0, 14, 14, 1, -24, 28, 6, -2, 8, 13, -2, 2, 14, 6]
21:48:04,136 [INFO ] - vs NStepPlayer@4 = 10 / 20 [-7, 6, 12, 10, 0, 22, -6, 26, -26, -6, -15, 26, -3, 8, -1, -17, 12, 8, 14, -3]
21:48:04,136 [INFO ] - vs NStepPlayer@5 = 10 / 20 [0, 16, -20, -10, -2, 10, 6, 18, -23, -2, -20, 20, -16, 4, 20, 4, -16, 6, -7, 8]
21:48:04,136 [INFO ] - vs BestStepPlayer@3-5 = 9 / 20 [-2, 18, 0, -2, 12, 28, -36, 15, -6, 2, -2, 18, 1, -12, 25, -2, -18, -4, 0, 2]
21:48:04,136 [INFO ] - vs BestStepPlayer@3-4 = 9 / 20 [-2, 18, 0, -2, 12, 28, -36, 15, -6, 2, -2, 18, 1, -12, 25, -2, -18, -4, 0, 2]
21:48:04,136 [INFO ] - vs BestStepPlayer@4-4 = 10 / 20 [-16, 16, 22, -22, -2, 2, 4, -4, 16, -16, -25, 25, 32, -32, 16, -16, 2, -2, -10, 10]
21:48:04,136 [INFO ] - vs BestStepPlayer@4-3 = 10 / 20 [-16, 16, 22, -22, -2, 2, 4, -4, 16, -16, -25, 25, 32, -32, 16, -16, 2, -2, -10, 10]
21:48:04,136 [INFO ] - vs BestStepPlayer@5-4 = 9 / 20 [-7, -8, 11, -6, 9, -6, 26, -36, -8, 18, 24, 1, 44, -18, -18, -34, 0, -16, 6, 4]
21:48:04,136 [INFO ] - vs BestStepPlayer@5-3 = 9 / 20 [-7, -8, 11, -6, 9, -6, 26, -36, -8, 18, 24, 1, 44, -18, -18, -34, 0, -16, 6, 4]
21:48:04,136 [INFO ] - vs BestStepPlayer@6-4 = 7 / 20 [26, -1, -12, 0, 34, -22, 0, -6, -13, -4, 10, -10, 5, -32, -1, -3, 6, -13, 14, 9]
21:48:04,136 [INFO ] - vs BestStepPlayer@6-3 = 7 / 20 [26, -1, -12, 0, 34, -22, 0, -6, -13, -4, 10, -10, 5, -32, -1, -3, 6, -13, 14, 9]
21:48:04,136 [INFO ] - vs BestStepPlayer@7-3 = 7 / 20 [32, -7, 14, -26, 16, 2, 6, -2, -8, -12, 6, -6, -10, -8, -6, -11, -9, -30, -1, 10]
21:48:04,136 [INFO ] - vs BestStepPlayer@8-3 = 4 / 20 [-13, -16, 2, -12, 4, -10, -10, -36, -2, -10, -6, -12, -4, -10, -6, -6, -8, -16, 2, 14]
21:48:04,137 [INFO ] - vs BestStepPlayer@9-2 = 7 / 20 [2, -28, 7, 2, -48, 2, 10, -6, -13, -6, -5, -30, 3, -14, -10, -24, 6, -20, -10, -11]
21:48:04,137 [INFO ] Stats for pc: BestStepPlayer@4-4
21:48:04,137 [INFO ] - vs RandomPlayer = 20 / 20 [106, 118, 135, 103, 155, 129, 157, 104, 152, 93, 61, 134, 154, 88, 82, 60, 84, 100, 80, 96]
21:48:04,137 [INFO ] - vs MaxNextPlayer = 18 / 20 [12, 8, 43, 21, 18, 32, 6, 36, 8, 34, 23, 16, -2, 28, 5, 15, 21, 28, -2, 8]
21:48:04,137 [INFO ] - vs MinMaxPlayer = 13 / 20 [-14, -21, 39, 23, 10, 4, -1, -4, 23, 12, -34, 16, 8, 15, 4, -2, -30, 1, 14, 9]
21:48:04,137 [INFO ] - vs NStepPlayer@3 = 13 / 20 [22, -23, 0, 2, -16, 18, 0, 14, 14, 1, -24, 28, 6, -2, 8, 13, -2, 2, 14, 6]
21:48:04,137 [INFO ] - vs NStepPlayer@4 = 10 / 20 [-7, 6, 12, 10, 0, 22, -6, 26, -26, -6, -15, 26, -3, 8, -1, -17, 12, 8, 14, -3]
21:48:04,137 [INFO ] - vs NStepPlayer@5 = 10 / 20 [0, 16, -20, -10, -2, 10, 6, 18, -23, -2, -20, 20, -16, 4, 20, 4, -16, 6, -7, 8]
21:48:04,137 [INFO ] - vs BestStepPlayer@3-5 = 9 / 20 [-2, 18, 0, -2, 12, 28, -36, 15, -6, 2, -2, 18, 1, -12, 25, -2, -18, -4, 0, 2]
21:48:04,137 [INFO ] - vs BestStepPlayer@3-4 = 9 / 20 [-2, 18, 0, -2, 12, 28, -36, 15, -6, 2, -2, 18, 1, -12, 25, -2, -18, -4, 0, 2]
21:48:04,137 [INFO ] - vs BestStepPlayer@4-5 = 10 / 20 [16, -16, -22, 22, 2, -2, -4, 4, -16, 16, 25, -25, -32, 32, -16, 16, -2, 2, 10, -10]
21:48:04,137 [INFO ] - vs BestStepPlayer@4-3 = 10 / 20 [-16, 16, 22, -22, -2, 2, 4, -4, 16, -16, -25, 25, 32, -32, 16, -16, 2, -2, -10, 10]
21:48:04,138 [INFO ] - vs BestStepPlayer@5-4 = 9 / 20 [-7, -8, 11, -6, 9, -6, 26, -36, -8, 18, 24, 1, 44, -18, -18, -34, 0, -16, 6, 4]
21:48:04,138 [INFO ] - vs BestStepPlayer@5-3 = 9 / 20 [-7, -8, 11, -6, 9, -6, 26, -36, -8, 18, 24, 1, 44, -18, -18, -34, 0, -16, 6, 4]
21:48:04,138 [INFO ] - vs BestStepPlayer@6-4 = 7 / 20 [26, -1, -12, 0, 34, -22, 0, -6, -13, -4, 10, -10, 5, -32, -1, -3, 6, -13, 14, 9]
21:48:04,138 [INFO ] - vs BestStepPlayer@6-3 = 7 / 20 [26, -1, -12, 0, 34, -22, 0, -6, -13, -4, 10, -10, 5, -32, -1, -3, 6, -13, 14, 9]
21:48:04,138 [INFO ] - vs BestStepPlayer@7-3 = 7 / 20 [32, -7, 14, -26, 16, 2, 6, -2, -8, -12, 6, -6, -10, -8, -6, -11, -9, -30, -1, 10]
21:48:04,138 [INFO ] - vs BestStepPlayer@8-3 = 4 / 20 [-13, -16, 2, -12, 4, -10, -10, -36, -2, -10, -6, -12, -4, -10, -6, -6, -8, -16, 2, 14]
21:48:04,138 [INFO ] - vs BestStepPlayer@9-2 = 7 / 20 [2, -28, 7, 2, -48, 2, 10, -6, -13, -6, -5, -30, 3, -14, -10, -24, 6, -20, -10, -11]
21:48:04,138 [INFO ] Stats for pc: BestStepPlayer@4-3
21:48:04,138 [INFO ] - vs RandomPlayer = 20 / 20 [106, 118, 135, 103, 155, 129, 157, 104, 152, 93, 61, 134, 154, 88, 82, 60, 84, 100, 80, 96]
21:48:04,138 [INFO ] - vs MaxNextPlayer = 18 / 20 [12, 8, 43, 21, 18, 32, 6, 36, 8, 34, 23, 16, -2, 28, 5, 15, 21, 28, -2, 8]
21:48:04,138 [INFO ] - vs MinMaxPlayer = 13 / 20 [-14, -21, 39, 23, 10, 4, -1, -4, 23, 12, -34, 16, 8, 15, 4, -2, -30, 1, 14, 9]
21:48:04,138 [INFO ] - vs NStepPlayer@3 = 13 / 20 [22, -23, 0, 2, -16, 18, 0, 14, 14, 1, -24, 28, 6, -2, 8, 13, -2, 2, 14, 6]
21:48:04,138 [INFO ] - vs NStepPlayer@4 = 10 / 20 [-7, 6, 12, 10, 0, 22, -6, 26, -26, -6, -15, 26, -3, 8, -1, -17, 12, 8, 14, -3]
21:48:04,139 [INFO ] - vs NStepPlayer@5 = 10 / 20 [0, 16, -20, -10, -2, 10, 6, 18, -23, -2, -20, 20, -16, 4, 20, 4, -16, 6, -7, 8]
21:48:04,139 [INFO ] - vs BestStepPlayer@3-5 = 9 / 20 [-2, 18, 0, -2, 12, 28, -36, 15, -6, 2, -2, 18, 1, -12, 25, -2, -18, -4, 0, 2]
21:48:04,139 [INFO ] - vs BestStepPlayer@3-4 = 9 / 20 [-2, 18, 0, -2, 12, 28, -36, 15, -6, 2, -2, 18, 1, -12, 25, -2, -18, -4, 0, 2]
21:48:04,139 [INFO ] - vs BestStepPlayer@4-5 = 10 / 20 [16, -16, -22, 22, 2, -2, -4, 4, -16, 16, 25, -25, -32, 32, -16, 16, -2, 2, 10, -10]
21:48:04,139 [INFO ] - vs BestStepPlayer@4-4 = 10 / 20 [16, -16, -22, 22, 2, -2, -4, 4, -16, 16, 25, -25, -32, 32, -16, 16, -2, 2, 10, -10]
21:48:04,139 [INFO ] - vs BestStepPlayer@5-4 = 9 / 20 [-7, -8, 11, -6, 9, -6, 26, -36, -8, 18, 24, 1, 44, -18, -18, -34, 0, -16, 6, 4]
21:48:04,139 [INFO ] - vs BestStepPlayer@5-3 = 9 / 20 [-7, -8, 11, -6, 9, -6, 26, -36, -8, 18, 24, 1, 44, -18, -18, -34, 0, -16, 6, 4]
21:48:04,139 [INFO ] - vs BestStepPlayer@6-4 = 7 / 20 [26, -1, -12, 0, 34, -22, 0, -6, -13, -4, 10, -10, 5, -32, -1, -3, 6, -13, 14, 9]
21:48:04,139 [INFO ] - vs BestStepPlayer@6-3 = 7 / 20 [26, -1, -12, 0, 34, -22, 0, -6, -13, -4, 10, -10, 5, -32, -1, -3, 6, -13, 14, 9]
21:48:04,139 [INFO ] - vs BestStepPlayer@7-3 = 7 / 20 [32, -7, 14, -26, 16, 2, 6, -2, -8, -12, 6, -6, -10, -8, -6, -11, -9, -30, -1, 10]
21:48:04,139 [INFO ] - vs BestStepPlayer@8-3 = 4 / 20 [-13, -16, 2, -12, 4, -10, -10, -36, -2, -10, -6, -12, -4, -10, -6, -6, -8, -16, 2, 14]
21:48:04,139 [INFO ] - vs BestStepPlayer@9-2 = 7 / 20 [2, -28, 7, 2, -48, 2, 10, -6, -13, -6, -5, -30, 3, -14, -10, -24, 6, -20, -10, -11]
21:48:04,139 [INFO ] Stats for pc: BestStepPlayer@5-4
21:48:04,140 [INFO ] - vs RandomPlayer = 20 / 20 [136, 100, 110, 58, 126, 130, 140, 97, 132, 120, 61, 107, 90, 132, 95, 108, 136, 114, 112, 102]
21:48:04,140 [INFO ] - vs MaxNextPlayer = 20 / 20 [18, 30, 43, 20, 16, 29, 20, 28, 16, 20, 6, 30, 13, 24, 26, 23, 27, 16, 17, 12]
21:48:04,140 [INFO ] - vs MinMaxPlayer = 13 / 20 [26, -25, 14, 1, 37, 16, -8, 36, 6, 4, 2, -16, 26, 1, -9, -9, -8, 16, -8, 27]
21:48:04,140 [INFO ] - vs NStepPlayer@3 = 11 / 20 [8, -6, -4, 22, 1, 18, -9, 17, 16, 3, -23, 12, 12, 0, -8, -6, -4, -2, 24, 8]
21:48:04,140 [INFO ] - vs NStepPlayer@4 = 12 / 20 [-8, 8, -12, -17, 10, 20, -2, 17, 8, 18, -20, 9, -21, 6, -4, 16, 8, 13, -24, 18]
21:48:04,140 [INFO ] - vs NStepPlayer@5 = 7 / 20 [-30, 0, -8, -18, -8, -9, -14, 17, -4, 0, -21, 2, 4, 2, -5, 2, -1, 14, -3, 14]
21:48:04,140 [INFO ] - vs BestStepPlayer@3-5 = 10 / 20 [-8, 20, -6, 2, 8, 20, -36, 0, -16, 16, -20, 28, -12, 34, -3, 30, -11, 4, -9, 6]
21:48:04,140 [INFO ] - vs BestStepPlayer@3-4 = 10 / 20 [-8, 20, -6, 2, 8, 20, -36, 0, -16, 16, -20, 28, -12, 34, -3, 30, -11, 4, -9, 6]
21:48:04,140 [INFO ] - vs BestStepPlayer@4-5 = 10 / 20 [7, 8, -11, 6, -9, 6, -26, 36, 8, -18, -24, -1, -44, 18, 18, 34, 0, 16, -6, -4]
21:48:04,140 [INFO ] - vs BestStepPlayer@4-4 = 10 / 20 [7, 8, -11, 6, -9, 6, -26, 36, 8, -18, -24, -1, -44, 18, 18, 34, 0, 16, -6, -4]
21:48:04,140 [INFO ] - vs BestStepPlayer@4-3 = 10 / 20 [7, 8, -11, 6, -9, 6, -26, 36, 8, -18, -24, -1, -44, 18, 18, 34, 0, 16, -6, -4]
21:48:04,140 [INFO ] - vs BestStepPlayer@5-3 = 10 / 20 [-2, 2, 14, -14, 10, -10, 10, -10, -12, 12, 24, -24, 24, -24, -18, 18, 5, -5, -8, 8]
21:48:04,141 [INFO ] - vs BestStepPlayer@6-4 = 7 / 20 [-14, -18, -2, 18, 6, -22, 16, -22, -14, -8, 16, -24, -13, -24, 9, -4, 18, 2, -6, -8]
21:48:04,141 [INFO ] - vs BestStepPlayer@6-3 = 7 / 20 [-14, -18, -2, 18, 6, -22, 16, -22, -14, -8, 16, -24, -13, -24, 9, -4, 18, 2, -6, -8]
21:48:04,141 [INFO ] - vs BestStepPlayer@7-3 = 5 / 20 [16, -12, -28, -10, -6, -2, 0, -12, 10, -4, 30, -23, -4, -10, -4, -6, -7, 6, 2, -10]
21:48:04,141 [INFO ] - vs BestStepPlayer@8-3 = 3 / 20 [-13, -48, -28, -26, -8, -12, -10, -30, 2, -4, -1, -23, 0, -26, -4, -6, 6, -14, 7, -18]
21:48:04,141 [INFO ] - vs BestStepPlayer@9-2 = 4 / 20 [1, -4, -18, -14, -1, -2, -10, -42, -22, -12, 2, -34, -18, -1, -4, 12, -3, -12, 6, -6]
21:48:04,141 [INFO ] Stats for pc: BestStepPlayer@5-3
21:48:04,141 [INFO ] - vs RandomPlayer = 20 / 20 [136, 100, 110, 58, 126, 130, 140, 97, 132, 120, 61, 107, 90, 132, 95, 108, 136, 114, 112, 102]
21:48:04,141 [INFO ] - vs MaxNextPlayer = 20 / 20 [18, 30, 43, 20, 16, 29, 20, 28, 16, 20, 6, 30, 13, 24, 26, 23, 27, 16, 17, 12]
21:48:04,141 [INFO ] - vs MinMaxPlayer = 13 / 20 [26, -25, 14, 1, 37, 16, -8, 36, 6, 4, 2, -16, 26, 1, -9, -9, -8, 16, -8, 27]
21:48:04,141 [INFO ] - vs NStepPlayer@3 = 11 / 20 [8, -6, -4, 22, 1, 18, -9, 17, 16, 3, -23, 12, 12, 0, -8, -6, -4, -2, 24, 8]
21:48:04,141 [INFO ] - vs NStepPlayer@4 = 12 / 20 [-8, 8, -12, -17, 10, 20, -2, 17, 8, 18, -20, 9, -21, 6, -4, 16, 8, 13, -24, 18]
21:48:04,141 [INFO ] - vs NStepPlayer@5 = 7 / 20 [-30, 0, -8, -18, -8, -9, -14, 17, -4, 0, -21, 2, 4, 2, -5, 2, -1, 14, -3, 14]
21:48:04,141 [INFO ] - vs BestStepPlayer@3-5 = 10 / 20 [-8, 20, -6, 2, 8, 20, -36, 0, -16, 16, -20, 28, -12, 34, -3, 30, -11, 4, -9, 6]
21:48:04,141 [INFO ] - vs BestStepPlayer@3-4 = 10 / 20 [-8, 20, -6, 2, 8, 20, -36, 0, -16, 16, -20, 28, -12, 34, -3, 30, -11, 4, -9, 6]
21:48:04,142 [INFO ] - vs BestStepPlayer@4-5 = 10 / 20 [7, 8, -11, 6, -9, 6, -26, 36, 8, -18, -24, -1, -44, 18, 18, 34, 0, 16, -6, -4]
21:48:04,142 [INFO ] - vs BestStepPlayer@4-4 = 10 / 20 [7, 8, -11, 6, -9, 6, -26, 36, 8, -18, -24, -1, -44, 18, 18, 34, 0, 16, -6, -4]
21:48:04,142 [INFO ] - vs BestStepPlayer@4-3 = 10 / 20 [7, 8, -11, 6, -9, 6, -26, 36, 8, -18, -24, -1, -44, 18, 18, 34, 0, 16, -6, -4]
21:48:04,142 [INFO ] - vs BestStepPlayer@5-4 = 10 / 20 [2, -2, -14, 14, -10, 10, -10, 10, 12, -12, -24, 24, -24, 24, 18, -18, -5, 5, 8, -8]
21:48:04,142 [INFO ] - vs BestStepPlayer@6-4 = 7 / 20 [-14, -18, -2, 18, 6, -22, 16, -22, -14, -8, 16, -24, -13, -24, 9, -4, 18, 2, -6, -8]
21:48:04,142 [INFO ] - vs BestStepPlayer@6-3 = 7 / 20 [-14, -18, -2, 18, 6, -22, 16, -22, -14, -8, 16, -24, -13, -24, 9, -4, 18, 2, -6, -8]
21:48:04,142 [INFO ] - vs BestStepPlayer@7-3 = 5 / 20 [16, -12, -28, -10, -6, -2, 0, -12, 10, -4, 30, -23, -4, -10, -4, -6, -7, 6, 2, -10]
21:48:04,142 [INFO ] - vs BestStepPlayer@8-3 = 3 / 20 [-13, -48, -28, -26, -8, -12, -10, -30, 2, -4, -1, -23, 0, -26, -4, -6, 6, -14, 7, -18]
21:48:04,142 [INFO ] - vs BestStepPlayer@9-2 = 4 / 20 [1, -4, -18, -14, -1, -2, -10, -42, -22, -12, 2, -34, -18, -1, -4, 12, -3, -12, 6, -6]
21:48:04,142 [INFO ] Stats for pc: BestStepPlayer@6-4
21:48:04,142 [INFO ] - vs RandomPlayer = 20 / 20 [134, 104, 134, 107, 129, 106, 137, 103, 144, 128, 61, 85, 116, 104, 109, 118, 112, 116, 78, 142]
21:48:04,142 [INFO ] - vs MaxNextPlayer = 18 / 20 [-22, 20, 41, 26, 8, 25, 8, 42, 5, 34, 20, 14, 23, 15, 16, 15, 0, 28, 12, 24]
21:48:04,143 [INFO ] - vs MinMaxPlayer = 9 / 20 [-8, -25, 7, 10, 28, 0, -36, 8, 8, -4, -14, 16, -32, 7, -8, -20, 0, 26, -22, 28]
21:48:04,143 [INFO ] - vs NStepPlayer@3 = 12 / 20 [20, -16, 0, 4, 30, 10, -26, 14, 6, 14, -2, 28, 26, -2, 15, -11, -2, 12, -4, 12]
21:48:04,143 [INFO ] - vs NStepPlayer@4 = 15 / 20 [4, 10, 4, 4, -11, 22, 6, 17, -21, 7, -14, 6, 18, 33, 8, -2, 14, 30, 0, 12]
21:48:04,143 [INFO ] - vs NStepPlayer@5 = 10 / 20 [-3, 6, -18, -10, -14, 6, 18, 18, 18, 0, -21, 22, -22, 14, 10, 10, -1, 6, -7, -8]
21:48:04,143 [INFO ] - vs BestStepPlayer@3-5 = 14 / 20 [-14, 2, 18, 19, -16, 16, -36, 15, 2, 1, -12, 18, 2, 8, 15, 16, -22, 7, -6, 10]
21:48:04,143 [INFO ] - vs BestStepPlayer@3-4 = 14 / 20 [-14, 2, 18, 19, -16, 16, -36, 15, 2, 1, -12, 18, 2, 8, 15, 16, -22, 7, -6, 10]
21:48:04,143 [INFO ] - vs BestStepPlayer@4-5 = 11 / 20 [-26, 1, 12, 0, -34, 22, 0, 6, 13, 4, -10, 10, -5, 32, 1, 3, -6, 13, -14, -9]
21:48:04,143 [INFO ] - vs BestStepPlayer@4-4 = 11 / 20 [-26, 1, 12, 0, -34, 22, 0, 6, 13, 4, -10, 10, -5, 32, 1, 3, -6, 13, -14, -9]
21:48:04,143 [INFO ] - vs BestStepPlayer@4-3 = 11 / 20 [-26, 1, 12, 0, -34, 22, 0, 6, 13, 4, -10, 10, -5, 32, 1, 3, -6, 13, -14, -9]
21:48:04,143 [INFO ] - vs BestStepPlayer@5-4 = 13 / 20 [14, 18, 2, -18, -6, 22, -16, 22, 14, 8, -16, 24, 13, 24, -9, 4, -18, -2, 6, 8]
21:48:04,143 [INFO ] - vs BestStepPlayer@5-3 = 13 / 20 [14, 18, 2, -18, -6, 22, -16, 22, 14, 8, -16, 24, 13, 24, -9, 4, -18, -2, 6, 8]
21:48:04,143 [INFO ] - vs BestStepPlayer@6-3 = 9 / 20 [0, 0, 22, -22, 5, -5, 14, -14, 6, -6, 28, -28, 27, -27, 12, -12, 5, -5, 4, -4]
21:48:04,144 [INFO ] - vs BestStepPlayer@7-3 = 7 / 20 [-26, -10, -3, 8, 0, -14, 18, -18, 10, -14, 0, -8, 16, -20, -8, 13, 10, -7, 4, -4]
21:48:04,144 [INFO ] - vs BestStepPlayer@8-3 = 8 / 20 [12, -2, -9, -16, 6, 6, 4, -12, 16, 0, 2, -8, 18, -4, -16, 0, -26, -10, 0, 7]
21:48:04,144 [INFO ] - vs BestStepPlayer@9-2 = 7 / 20 [2, -20, -10, -18, -4, -8, 22, -14, -18, -44, 9, 1, -4, -28, 0, 5, 4, -2, 6, -8]
21:48:04,144 [INFO ] Stats for pc: BestStepPlayer@6-3
21:48:04,144 [INFO ] - vs RandomPlayer = 20 / 20 [134, 104, 134, 107, 129, 106, 137, 103, 144, 128, 61, 85, 116, 104, 109, 118, 112, 116, 78, 142]
21:48:04,144 [INFO ] - vs MaxNextPlayer = 18 / 20 [-22, 20, 41, 26, 8, 25, 8, 42, 5, 34, 20, 14, 23, 15, 16, 15, 0, 28, 12, 24]
21:48:04,144 [INFO ] - vs MinMaxPlayer = 9 / 20 [-8, -25, 7, 10, 28, 0, -36, 8, 8, -4, -14, 16, -32, 7, -8, -20, 0, 26, -22, 28]
21:48:04,144 [INFO ] - vs NStepPlayer@3 = 12 / 20 [20, -16, 0, 4, 30, 10, -26, 14, 6, 14, -2, 28, 26, -2, 15, -11, -2, 12, -4, 12]
21:48:04,144 [INFO ] - vs NStepPlayer@4 = 15 / 20 [4, 10, 4, 4, -11, 22, 6, 17, -21, 7, -14, 6, 18, 33, 8, -2, 14, 30, 0, 12]
21:48:04,144 [INFO ] - vs NStepPlayer@5 = 10 / 20 [-3, 6, -18, -10, -14, 6, 18, 18, 18, 0, -21, 22, -22, 14, 10, 10, -1, 6, -7, -8]
21:48:04,144 [INFO ] - vs BestStepPlayer@3-5 = 14 / 20 [-14, 2, 18, 19, -16, 16, -36, 15, 2, 1, -12, 18, 2, 8, 15, 16, -22, 7, -6, 10]
21:48:04,144 [INFO ] - vs BestStepPlayer@3-4 = 14 / 20 [-14, 2, 18, 19, -16, 16, -36, 15, 2, 1, -12, 18, 2, 8, 15, 16, -22, 7, -6, 10]
21:48:04,144 [INFO ] - vs BestStepPlayer@4-5 = 11 / 20 [-26, 1, 12, 0, -34, 22, 0, 6, 13, 4, -10, 10, -5, 32, 1, 3, -6, 13, -14, -9]
21:48:04,145 [INFO ] - vs BestStepPlayer@4-4 = 11 / 20 [-26, 1, 12, 0, -34, 22, 0, 6, 13, 4, -10, 10, -5, 32, 1, 3, -6, 13, -14, -9]
21:48:04,145 [INFO ] - vs BestStepPlayer@4-3 = 11 / 20 [-26, 1, 12, 0, -34, 22, 0, 6, 13, 4, -10, 10, -5, 32, 1, 3, -6, 13, -14, -9]
21:48:04,145 [INFO ] - vs BestStepPlayer@5-4 = 13 / 20 [14, 18, 2, -18, -6, 22, -16, 22, 14, 8, -16, 24, 13, 24, -9, 4, -18, -2, 6, 8]
21:48:04,145 [INFO ] - vs BestStepPlayer@5-3 = 13 / 20 [14, 18, 2, -18, -6, 22, -16, 22, 14, 8, -16, 24, 13, 24, -9, 4, -18, -2, 6, 8]
21:48:04,145 [INFO ] - vs BestStepPlayer@6-4 = 9 / 20 [0, 0, -22, 22, -5, 5, -14, 14, -6, 6, -28, 28, -27, 27, -12, 12, -5, 5, -4, 4]
21:48:04,145 [INFO ] - vs BestStepPlayer@7-3 = 7 / 20 [-26, -10, -3, 8, 0, -14, 18, -18, 10, -14, 0, -8, 16, -20, -8, 13, 10, -7, 4, -4]
21:48:04,145 [INFO ] - vs BestStepPlayer@8-3 = 8 / 20 [12, -2, -9, -16, 6, 6, 4, -12, 16, 0, 2, -8, 18, -4, -16, 0, -26, -10, 0, 7]
21:48:04,145 [INFO ] - vs BestStepPlayer@9-2 = 7 / 20 [2, -20, -10, -18, -4, -8, 22, -14, -18, -44, 9, 1, -4, -28, 0, 5, 4, -2, 6, -8]
21:48:04,145 [INFO ] Stats for pc: BestStepPlayer@7-3
21:48:04,145 [INFO ] - vs RandomPlayer = 20 / 20 [132, 85, 135, 89, 146, 68, 135, 102, 114, 130, 61, 98, 125, 150, 118, 100, 122, 83, 79, 77]
21:48:04,145 [INFO ] - vs MaxNextPlayer = 20 / 20 [12, 18, 37, 32, 16, 29, 20, 24, 4, 22, 28, 32, 8, 8, 13, 16, 23, 23, 11, 24]
21:48:04,145 [INFO ] - vs MinMaxPlayer = 15 / 20 [-4, 20, 12, 22, 2, 5, 13, 38, 0, 2, 18, 16, -16, 16, 17, 0, -12, 15, 10, 18]
21:48:04,146 [INFO ] - vs NStepPlayer@3 = 16 / 20 [-4, 34, -7, 26, 30, 16, 6, 2, 14, 28, 14, 8, 42, 12, 2, 6, -2, 6, 5, -4]
21:48:04,146 [INFO ] - vs NStepPlayer@4 = 15 / 20 [-6, 3, 21, 10, -8, 20, 0, 18, 6, 16, -14, 2, -9, 9, 24, 60, 8, 30, 15, 24]
21:48:04,146 [INFO ] - vs NStepPlayer@5 = 10 / 20 [-24, 0, -20, 18, 0, 34, -18, 6, -25, -4, -27, 26, -6, 0, 1, 6, 12, 4, 20, 14]
21:48:04,146 [INFO ] - vs BestStepPlayer@3-5 = 11 / 20 [-2, 5, 7, 1, -2, 40, 2, -4, -1, -12, 6, 8, -16, 15, 4, -1, -15, 22, -4, 12]
21:48:04,146 [INFO ] - vs BestStepPlayer@3-4 = 11 / 20 [-2, 5, 7, 1, -2, 40, 2, -4, -1, -12, 6, 8, -16, 15, 4, -1, -15, 22, -4, 12]
21:48:04,146 [INFO ] - vs BestStepPlayer@4-5 = 13 / 20 [-32, 7, -14, 26, -16, -2, -6, 2, 8, 12, -6, 6, 10, 8, 6, 11, 9, 30, 1, -10]
21:48:04,146 [INFO ] - vs BestStepPlayer@4-4 = 13 / 20 [-32, 7, -14, 26, -16, -2, -6, 2, 8, 12, -6, 6, 10, 8, 6, 11, 9, 30, 1, -10]
21:48:04,146 [INFO ] - vs BestStepPlayer@4-3 = 13 / 20 [-32, 7, -14, 26, -16, -2, -6, 2, 8, 12, -6, 6, 10, 8, 6, 11, 9, 30, 1, -10]
21:48:04,146 [INFO ] - vs BestStepPlayer@5-4 = 14 / 20 [-16, 12, 28, 10, 6, 2, 0, 12, -10, 4, -30, 23, 4, 10, 4, 6, 7, -6, -2, 10]
21:48:04,146 [INFO ] - vs BestStepPlayer@5-3 = 14 / 20 [-16, 12, 28, 10, 6, 2, 0, 12, -10, 4, -30, 23, 4, 10, 4, 6, 7, -6, -2, 10]
21:48:04,146 [INFO ] - vs BestStepPlayer@6-4 = 11 / 20 [26, 10, 3, -8, 0, 14, -18, 18, -10, 14, 0, 8, -16, 20, 8, -13, -10, 7, -4, 4]
21:48:04,146 [INFO ] - vs BestStepPlayer@6-3 = 11 / 20 [26, 10, 3, -8, 0, 14, -18, 18, -10, 14, 0, 8, -16, 20, 8, -13, -10, 7, -4, 4]
21:48:04,147 [INFO ] - vs BestStepPlayer@8-3 = 10 / 20 [8, -14, -2, -14, -20, 10, 40, 3, 4, -1, 8, -10, 8, -34, 20, 6, -2, -10, 12, -10]
21:48:04,147 [INFO ] - vs BestStepPlayer@9-2 = 9 / 20 [16, 0, -2, -14, 2, -21, 0, 2, -4, -8, 22, -32, 12, 0, 6, 14, 8, -16, 2, -12]
21:48:04,147 [INFO ] Stats for pc: BestStepPlayer@8-3
21:48:04,147 [INFO ] - vs RandomPlayer = 20 / 20 [132, 80, 135, 61, 102, 72, 135, 97, 114, 120, 71, 119, 156, 150, 128, 96, 140, 85, 98, 112]
21:48:04,147 [INFO ] - vs MaxNextPlayer = 19 / 20 [11, 30, 42, 22, 7, 38, 20, 12, 22, 40, 12, 12, 20, 18, 24, 14, 21, 20, -12, 20]
21:48:04,147 [INFO ] - vs MinMaxPlayer = 16 / 20 [-16, 2, 39, 14, 20, 6, 13, 4, 14, 5, -8, 27, -10, 14, 24, 1, 2, 11, -10, 6]
21:48:04,147 [INFO ] - vs NStepPlayer@3 = 14 / 20 [18, 30, -7, -2, 30, 30, -6, 14, -4, 1, 10, 10, 38, 0, 10, 13, 14, 15, -17, 2]
21:48:04,147 [INFO ] - vs NStepPlayer@4 = 15 / 20 [7, 12, 22, 38, -4, 26, -4, 36, -2, 18, -20, 8, 4, 9, 12, 14, 7, 4, -14, 6]
21:48:04,147 [INFO ] - vs NStepPlayer@5 = 9 / 20 [-14, -8, -12, -12, 12, 2, -4, 40, -25, 0, -25, 21, 4, -4, -2, 10, 6, -10, 6, 20]
21:48:04,147 [INFO ] - vs BestStepPlayer@3-5 = 14 / 20 [-8, -3, 16, 22, 20, 30, -6, 14, 8, 6, -10, 22, -14, 1, 9, 30, 2, 15, -20, 52]
21:48:04,147 [INFO ] - vs BestStepPlayer@3-4 = 14 / 20 [-8, -3, 16, 22, 20, 30, -6, 14, 8, 6, -10, 22, -14, 1, 9, 30, 2, 15, -20, 52]
21:48:04,147 [INFO ] - vs BestStepPlayer@4-5 = 16 / 20 [13, 16, -2, 12, -4, 10, 10, 36, 2, 10, 6, 12, 4, 10, 6, 6, 8, 16, -2, -14]
21:48:04,147 [INFO ] - vs BestStepPlayer@4-4 = 16 / 20 [13, 16, -2, 12, -4, 10, 10, 36, 2, 10, 6, 12, 4, 10, 6, 6, 8, 16, -2, -14]
21:48:04,148 [INFO ] - vs BestStepPlayer@4-3 = 16 / 20 [13, 16, -2, 12, -4, 10, 10, 36, 2, 10, 6, 12, 4, 10, 6, 6, 8, 16, -2, -14]
21:48:04,148 [INFO ] - vs BestStepPlayer@5-4 = 16 / 20 [13, 48, 28, 26, 8, 12, 10, 30, -2, 4, 1, 23, 0, 26, 4, 6, -6, 14, -7, 18]
21:48:04,148 [INFO ] - vs BestStepPlayer@5-3 = 16 / 20 [13, 48, 28, 26, 8, 12, 10, 30, -2, 4, 1, 23, 0, 26, 4, 6, -6, 14, -7, 18]
21:48:04,148 [INFO ] - vs BestStepPlayer@6-4 = 9 / 20 [-12, 2, 9, 16, -6, -6, -4, 12, -16, 0, -2, 8, -18, 4, 16, 0, 26, 10, 0, -7]
21:48:04,148 [INFO ] - vs BestStepPlayer@6-3 = 9 / 20 [-12, 2, 9, 16, -6, -6, -4, 12, -16, 0, -2, 8, -18, 4, 16, 0, 26, 10, 0, -7]
21:48:04,148 [INFO ] - vs BestStepPlayer@7-3 = 10 / 20 [-8, 14, 2, 14, 20, -10, -40, -3, -4, 1, -8, 10, -8, 34, -20, -6, 2, 10, -12, 10]
21:48:04,148 [INFO ] - vs BestStepPlayer@9-2 = 6 / 20 [0, 0, -10, -8, 0, 8, 14, -14, -8, -14, 14, -4, -2, -10, 2, 7, 6, -12, -8, -23]
21:48:04,148 [INFO ] Stats for pc: BestStepPlayer@9-2
21:48:04,148 [INFO ] - vs RandomPlayer = 20 / 20 [100, 108, 116, 80, 128, 102, 99, 112, 110, 84, 61, 97, 124, 134, 112, 60, 114, 82, 84, 103]
21:48:04,148 [INFO ] - vs MaxNextPlayer = 19 / 20 [-4, 18, 41, 28, 20, 28, 14, 40, 16, 32, 23, 44, 8, 9, 24, 24, 37, 15, 14, 27]
21:48:04,148 [INFO ] - vs MinMaxPlayer = 13 / 20 [-2, 15, 17, 15, 37, 40, -28, 10, -26, -2, 3, 33, -10, 19, -2, -8, 9, 26, 12, 10]
21:48:04,148 [INFO ] - vs NStepPlayer@3 = 17 / 20 [-10, 26, 10, 8, 8, 20, 9, 10, 36, 1, 4, 20, 4, 2, 34, 6, 16, 0, -14, 6]
21:48:04,149 [INFO ] - vs NStepPlayer@4 = 12 / 20 [0, 10, 0, -3, -6, 6, -10, 32, -8, 10, 8, 0, 18, 16, 9, 38, 16, 12, 0, 34]
21:48:04,149 [INFO ] - vs NStepPlayer@5 = 11 / 20 [-2, -2, -2, 8, -12, 26, -10, 24, 12, 22, -4, 28, -16, 10, -4, 22, -3, 18, 20, 17]
21:48:04,149 [INFO ] - vs BestStepPlayer@3-5 = 18 / 20 [10, 28, 1, 38, 14, 32, 6, 10, 2, 24, 8, 3, 16, 15, 10, -4, 28, 18, -5, 28]
21:48:04,149 [INFO ] - vs BestStepPlayer@3-4 = 18 / 20 [10, 28, 1, 38, 14, 32, 6, 10, 2, 24, 8, 3, 16, 15, 10, -4, 28, 18, -5, 28]
21:48:04,149 [INFO ] - vs BestStepPlayer@4-5 = 13 / 20 [-2, 28, -7, -2, 48, -2, -10, 6, 13, 6, 5, 30, -3, 14, 10, 24, -6, 20, 10, 11]
21:48:04,149 [INFO ] - vs BestStepPlayer@4-4 = 13 / 20 [-2, 28, -7, -2, 48, -2, -10, 6, 13, 6, 5, 30, -3, 14, 10, 24, -6, 20, 10, 11]
21:48:04,149 [INFO ] - vs BestStepPlayer@4-3 = 13 / 20 [-2, 28, -7, -2, 48, -2, -10, 6, 13, 6, 5, 30, -3, 14, 10, 24, -6, 20, 10, 11]
21:48:04,149 [INFO ] - vs BestStepPlayer@5-4 = 16 / 20 [-1, 4, 18, 14, 1, 2, 10, 42, 22, 12, -2, 34, 18, 1, 4, -12, 3, 12, -6, 6]
21:48:04,149 [INFO ] - vs BestStepPlayer@5-3 = 16 / 20 [-1, 4, 18, 14, 1, 2, 10, 42, 22, 12, -2, 34, 18, 1, 4, -12, 3, 12, -6, 6]
21:48:04,149 [INFO ] - vs BestStepPlayer@6-4 = 12 / 20 [-2, 20, 10, 18, 4, 8, -22, 14, 18, 44, -9, -1, 4, 28, 0, -5, -4, 2, -6, 8]
21:48:04,149 [INFO ] - vs BestStepPlayer@6-3 = 12 / 20 [-2, 20, 10, 18, 4, 8, -22, 14, 18, 44, -9, -1, 4, 28, 0, -5, -4, 2, -6, 8]
21:48:04,149 [INFO ] - vs BestStepPlayer@7-3 = 8 / 20 [-16, 0, 2, 14, -2, 21, 0, -2, 4, 8, -22, 32, -12, 0, -6, -14, -8, 16, -2, 12]
21:48:04,150 [INFO ] - vs BestStepPlayer@8-3 = 11 / 20 [0, 0, 10, 8, 0, -8, -14, 14, 8, 14, -14, 4, 2, 10, -2, -7, -6, 12, 8, 23]
Time taken: 597.463s
